upper_bound  lower_bound  rsi_window
55           10           14                   NaN
             15           14                   NaN
             20           14                   NaN
             25           14             -1.000000
             30           14             -1.000000
             35           14            293.567144
             40           14            224.305045
60           10           14                   NaN
             15           14                   NaN
             20           14                   NaN
             25           14             -1.000000
             30           14            385.379503
             35           14            415.644880
             40           14            346.784489
65           10           14                   NaN
             15           14                   NaN
             20           14                   NaN
             25           14             -1.000000
             30           14             -1.000000
             35           14            481.795302
             40           14            330.909672
70           10           14                   NaN
             15           14                   NaN
             20           14                   NaN
             25           14             -1.000000
             30           14             -1.000000
             35           14            768.429839
             40           14            636.753901
75           10           14                   NaN
             15           14                   NaN
             20           14                   NaN
             25           14             -1.000000
             30           14             -1.000000
             35           14            693.619176
             40           14            534.963666
80           10           14                   NaN
             15           14                   NaN
             20           14                   NaN
             25           14             -1.000000
             30           14             -1.000000
             35           14             -1.000000
             40           14             -1.000000
dtype: float64
upper_bound  lower_bound
55           10                    NaN
             15                    NaN
             20                    NaN
             25              -1.000000
             30              -1.000000
             35             293.567144
             40             224.305045
60           10                    NaN
             15                    NaN
             20                    NaN
             25              -1.000000
             30             385.379503
             35             415.644880
             40             346.784489
65           10                    NaN
             15                    NaN
             20                    NaN
             25              -1.000000
             30              -1.000000
             35             481.795302
             40             330.909672
70           10                    NaN
             15                    NaN
             20                    NaN
             25              -1.000000
             30              -1.000000
             35             768.429839
             40             636.753901
75           10                    NaN
             15                    NaN
             20                    NaN
             25              -1.000000
             30              -1.000000
             35             693.619176
             40             534.963666
80           10                    NaN
             15                    NaN
             20                    NaN
             25              -1.000000
             30              -1.000000
             35              -1.000000
             40              -1.000000
dtype: float64